{
 "cells": [
  {
   "cell_type": "markdown",
   "metadata": {},
   "source": [
    "## 학습목표\n",
    " 1. linalg 서브모듈 함수 활용여 선형대수 연산하기"
   ]
  },
  {
   "cell_type": "code",
   "execution_count": 1,
   "metadata": {},
   "outputs": [],
   "source": [
    "import numpy as np"
   ]
  },
  {
   "cell_type": "markdown",
   "metadata": {},
   "source": [
    "#### np.linalg.inv\n",
    " - 역행렬을 구할 때 사용\n",
    " - 모든 차원의 값이 같아야 함"
   ]
  },
  {
   "cell_type": "code",
   "execution_count": 4,
   "metadata": {},
   "outputs": [
    {
     "name": "stdout",
     "output_type": "stream",
     "text": [
      "[[0.576543   0.66835306 0.62218732]\n",
      " [0.40725555 0.17047153 0.87528455]\n",
      " [0.03659545 0.02123403 0.73438707]]\n"
     ]
    }
   ],
   "source": [
    "x = np.random.rand(3,3); print(x)"
   ]
  },
  {
   "cell_type": "code",
   "execution_count": 10,
   "metadata": {},
   "outputs": [
    {
     "name": "stdout",
     "output_type": "stream",
     "text": [
      "[[-0.92281578  4.13440705 -4.14579515]\n",
      " [ 2.31168018 -3.46802953  2.17489476]\n",
      " [-0.02085472 -0.10574836  1.50538522]]\n"
     ]
    }
   ],
   "source": [
    "inv_x = np.linalg.inv(x)\n",
    "print(inv_x)"
   ]
  },
  {
   "cell_type": "code",
   "execution_count": 11,
   "metadata": {},
   "outputs": [
    {
     "data": {
      "text/plain": [
       "array([[ 1.00000000e+00,  2.24541202e-16, -1.28656850e-16],\n",
       "       [ 1.17858245e-16,  1.00000000e+00, -1.65792901e-16],\n",
       "       [-9.68302804e-19,  9.55845042e-19,  1.00000000e+00]])"
      ]
     },
     "execution_count": 11,
     "metadata": {},
     "output_type": "execute_result"
    }
   ],
   "source": [
    "x @ inv_x"
   ]
  },
  {
   "cell_type": "code",
   "execution_count": 12,
   "metadata": {},
   "outputs": [
    {
     "data": {
      "text/plain": [
       "array([[ 1.00000000e+00,  2.24541202e-16, -1.28656850e-16],\n",
       "       [ 1.17858245e-16,  1.00000000e+00, -1.65792901e-16],\n",
       "       [-9.68302804e-19,  9.55845042e-19,  1.00000000e+00]])"
      ]
     },
     "execution_count": 12,
     "metadata": {},
     "output_type": "execute_result"
    }
   ],
   "source": [
    "np.matmul(x, inv_x)"
   ]
  },
  {
   "cell_type": "markdown",
   "metadata": {},
   "source": [
    "#### np.linalg.solve\n",
    " - Ax = B 형태의 선형대수식 솔루션을 제공\n",
    " - 예제) 호랑이와 홍합의 합 : 25 호랑이 다리와 홍합 다리의 합은 64\n",
    "   - x + y = 25\n",
    "   - 2x + 4y = 64\n",
    "   \n",
    " $$\\begin{pmatrix} 1 & 1 \\\\ 2 & 4 \\end{pmatrix}\\begin{pmatrix} x \\\\ y \\end{pmatrix}= \\begin{pmatrix} 25 \\\\ 64 \\end{pmatrix}$$\n"
   ]
  },
  {
   "cell_type": "code",
   "execution_count": 23,
   "metadata": {},
   "outputs": [
    {
     "name": "stdout",
     "output_type": "stream",
     "text": [
      "[[1 1]\n",
      " [2 4]]\n",
      "[25 64]\n",
      "[18.  7.]\n"
     ]
    },
    {
     "data": {
      "text/plain": [
       "array([25., 64.])"
      ]
     },
     "execution_count": 23,
     "metadata": {},
     "output_type": "execute_result"
    }
   ],
   "source": [
    "A = np.array([[1,1],[2,4]])\n",
    "B = np.array([25,64])\n",
    "\n",
    "print(A); print(B)\n",
    "\n",
    "x = np.linalg.solve(A,B)\n",
    "print(x)\n",
    "\n"
   ]
  },
  {
   "cell_type": "code",
   "execution_count": 27,
   "metadata": {},
   "outputs": [
    {
     "name": "stdout",
     "output_type": "stream",
     "text": [
      "[25. 64.]\n",
      "True\n"
     ]
    }
   ],
   "source": [
    "print(A @ x)\n",
    "print(np.allclose(A@x, B))"
   ]
  }
 ],
 "metadata": {
  "kernelspec": {
   "display_name": "Python 3",
   "language": "python",
   "name": "python3"
  },
  "language_info": {
   "codemirror_mode": {
    "name": "ipython",
    "version": 3
   },
   "file_extension": ".py",
   "mimetype": "text/x-python",
   "name": "python",
   "nbconvert_exporter": "python",
   "pygments_lexer": "ipython3",
   "version": "3.7.1"
  }
 },
 "nbformat": 4,
 "nbformat_minor": 1
}
